472
318 159 6
111 143 2
22 20 4
268 201 2
113 174 5
183 278 2
340 65 7
451 309 2
283 311 2
351 179 5
26 328 1
177 165 7
15 283 6
160 284 2
319 310 7
172 312 1
60 413 2
455 229 2
372 19 3
240 318 5
429 121 6
328 348 5
328 7 3
207 186 2
459 469 7
172 162 5
307 95 7
138 316 5
180 427 5
285 26 5
382 120 1
245 183 6
364 8 7
312 273 7
347 284 7
55 440 2
459 98 6
10 200 3
466 422 0
299 142 4
102 450 7
22 14 1
236 264 5
1 327 3
101 123 5
219 143 0
177 436 0
198 87 4
207 136 3
120 138 4
100 72 1
155 440 2
177 315 4
100 98 3
154 336 4
466 467 4
229 333 6
106 321 1
425 18 3
6 95 3
16 111 1
236 211 6
159 240 4
417 71 5
125 419 1
75 157 5
351 11 1
89 253 7
20 219 6
466 317 4
163 211 6
159 56 0
128 278 4
154 36 5
128 186 6
128 440 3
207 469 1
120 290 7
284 349 0
154 173 7
372 448 0
417 258 4
154 177 3
268 87 1
115 417 7
89 85 4
16 269 2
316 407 1
17 177 3
158 365 0
154 276 1
138 153 4
177 248 7
177 104 7
236 92 3
33 223 2
263 256 7
437 183 6
372 114 6
71 20 6
16 174 5
207 86 4
457 451 7
180 363 5
10 425 7
268 444 7
304 89 0
100 397 6
54 34 3
177 345 2
129 229 6
207 173 0
120 115 3
52 277 0
425 230 4
35 7 2
159 229 5
240 340 7
163 345 7
277 95 0
62 470 7
193 172 2
95 129 0
243 351 4
43 340 5
12 399 0
128 217 7
123 328 1
299 264 0
344 199 6
429 399 2
453 447 3
183 416 3
359 332 5
128 372 3
178 190 6
284 381 4
372 183 3
279 12 3
128 154 6
340 285 0
431 172 0
382 62 0
183 205 3
151 22 1
113 219 0
198 165 3
172 68 6
285 35 5
223 72 0
197 328 1
406 95 1
223 51 3
425 158 3
183 187 1
138 258 2
318 213 4
55 136 6
263 315 0
221 288 0
199 285 0
263 154 2
308 254 3
89 281 1
310 263 1
263 132 1
132 330 0
199 43 3
183 191 4
321 230 4
351 357 5
26 6 0
123 213 0
115 76 2
128 155 1
123 384 2
30 230 6
345 319 5
35 101 3
263 125 2
159 406 0
283 205 2
177 234 2
455 333 2
155 322 6
419 183 4
384 451 3
123 240 3
310 315 5
263 330 5
100 274 7
283 165 3
52 197 4
84 384 3
283 122 7
367 332 1
304 87 6
138 417 4
449 87 1
351 428 5
400 282 6
145 303 7
207 89 4
370 34 7
177 326 2
100 428 4
318 43 3
283 397 4
412 310 2
172 471 4
341 223 1
121 399 0
155 171 3
172 273 5
263 444 6
406 7 6
55 120 4
353 413 0
419 177 1
177 296 5
99 228 0
466 85 3
163 402 6
177 357 5
351 83 4
425 328 5
455 197 6
307 455 0
351 31 1
322 177 3
406 277 0
263 88 7
284 164 5
100 15 3
56 199 7
277 7 6
177 459 7
341 283 1
450 400 7
351 385 7
155 89 4
326 18 5
339 10 7
372 428 4
207 206 7
55 460 3
307 199 3
403 163 5
263 137 7
174 151 2
155 70 7
106 157 0
353 398 4
351 371 2
351 305 4
198 397 4
172 216 3
120 219 4
263 171 7
328 123 2
207 467 7
348 213 3
333 197 0
55 165 2
461 351 7
155 296 1
372 250 3
7 457 1
419 465 3
30 233 1
263 459 5
16 382 0
341 263 3
189 376 6
180 177 5
128 70 0
263 210 4
12 215 3
223 253 7
407 174 5
183 128 7
7 213 2
223 177 5
284 323 3
92 471 4
291 466 2
55 432 2
223 276 5
55 377 1
400 216 2
198 184 7
351 45 6
223 428 0
7 65 5
268 341 2
89 355 6
470 174 2
154 466 3
255 120 4
101 159 7
291 230 1
58 413 1
154 405 2
177 280 6
429 153 0
363 177 2
177 191 2
372 281 5
100 415 7
263 198 0
466 56 1
318 455 7
69 172 4
372 70 0
263 245 6
348 159 5
328 344 5
464 360 3
55 155 5
127 368 1
52 333 3
177 188 5
466 87 0
15 459 6
155 357 0
348 56 5
223 467 2
223 446 2
210 183 1
466 449 2
191 155 4
177 401 2
123 451 3
368 39 0
455 328 2
299 106 0
269 382 2
263 369 6
26 277 3
223 103 5
372 130 7
155 449 3
268 449 4
177 223 3
100 13 1
351 187 1
14 417 3
264 400 0
406 129 1
172 236 0
101 384 1
154 122 2
129 52 1
43 277 4
95 340 7
100 177 3
154 19 3
54 157 6
416 177 5
84 318 0
47 14 4
372 338 1
121 16 7
283 86 2
198 207 3
177 397 4
349 284 3
351 448 3
347 193 7
466 184 3
449 223 7
177 371 3
316 121 3
183 466 1
1 469 3
128 207 6
207 422 7
348 101 0
400 438 5
240 35 6
284 402 5
372 51 7
384 309 4
158 377 5
47 111 5
223 415 3
177 310 1
199 26 2
416 372 6
263 104 6
417 62 7
198 261 3
185 81 5
457 309 4
326 303 2
177 421 1
129 26 2
344 328 4
466 43 7
73 236 1
177 434 5
100 275 5
369 228 0
128 454 2
55 421 7
425 420 6
6 26 7
128 466 5
84 199 0
120 121 3
24 215 7
268 4 7
407 399 6
372 42 6
161 413 7
268 466 2
26 309 1
355 263 2
89 32 7
55 330 4
197 43 0
263 250 0
356 177 5
406 307 6
43 26 1
125 315 7
183 385 6
75 399 4
243 343 4
299 211 3
348 7 7
402 102 7
268 311 4
100 261 1
198 315 4
198 232 5
10 353 1
89 372 1
174 258 0
89 414 4
10 436 3
470 115 3
207 140 4
269 121 4
263 262 3
183 83 5
395 177 4
200 58 5
100 210 2
351 103 2
26 240 1
223 241 3
20 470 6
425 135 0
14 62 1
263 304 5
345 459 6
309 129 4
35 340 0
121 382 5
333 159 3
283 422 6
318 420 5
351 262 3
285 333 6
56 384 0
260 458 6
58 151 5
172 176 3
470 407 5
370 413 0
197 348 2
429 290 3
223 246 0
316 120 4
419 315 1
128 42 6
221 60 7
177 167 4
356 158 0
129 56 2
372 32 7
89 188 7
417 34 3
172 337 6
22 417 6
142 349 4
466 256 1
263 15 1
328 240 6
268 410 7
455 159 2
207 83 3
252 336 7
20 14 5
384 6 7
307 35 6
177 267 3
128 89 3
140 372 5
263 397 5
415 55 4
403 400 0
268 278 6
28 321 0
372 440 0
318 344 4
154 25 1
372 278 5
316 22 1
308 39 0
43 52 6
198 100 1
63 8 3
470 20 3
263 0 6
85 186 3
263 228 4
318 277 1
263 343 4
207 191 4
202 34 4
177 262 3
155 261 5
351 207 7
99 326 6
52 451 1
299 403 2
180 421 2
193 189 5
154 446 7
172 227 6
175 284 5
172 285 7
254 81 3
62 120 6
198 187 4
316 115 1
219 316 0
177 361 0
193 216 3
154 86 7
183 1 2
199 406 0
310 326 6
328 340 6
417 399 0
269 74 3
417 16 4
123 95 0
89 82 2
223 19 2
26 197 5
400 170 0
213 277 7
177 283 6
198 461 6
380 413 0
368 67 4
198 448 2
177 305 5
207 372 4
372 266 6
399 14 2
470 121 5
151 71 1
183 327 2
406 328 0
277 344 3
351 281 3
461 89 5
263 410 2
74 407 0
406 240 2
384 35 0
123 6 1
15 223 6
328 43 3
56 129 7
39 168 7
291 172 6
43 318 3
285 7 7
138 71 1
466 188 6
365 174 4
420 309 0
177 83 2
191 416 1
186 198 1
81 308 2
58 159 3
328 451 7
48 301 1
1 183 4
427 377 5
470 14 2
177 250 4
84 213 7
109 254 6
378 174 4
177 201 2
466 355 0
268 462 2
89 217 2
356 315 3
268 336 5
350 112 7
402 271 5
340 6 2
97 34 3
283 391 7
200 10 0
155 410 6
437 263 4
7 123 3
80 177 3
351 82 7
267 447 3
89 165 3
229 52 4
183 245 1
466 338 5
372 88 4
154 201 3
193 92 2
223 186 4
247 207 6
47 16 5
372 33 4
129 307 5
202 299 2
163 382 5
351 296 1
359 323 5
249 160 4
153 143 0
155 13 6
140 223 0
400 3 5
240 277 7
290 174 6
193 231 6
412 55 4
345 419 6
172 249 7
12 325 2
172 3 1
172 309 4
20 174 4
172 381 2
95 26 0
399 316 4
283 262 3
425 172 5
451 95 6
125 228 2
113 398 1
451 123 3
172 189 3
263 351 7
20 269 0
412 314 4
128 141 6
464 93 5
172 455 6
113 34 7
159 420 1
283 19 6
284 69 0
198 182 6
52 240 1
268 428 4
197 52 3
12 298 5
198 462 0
344 455 0
345 365 2
284 192 3
344 101 4
183 314 5
35 43 1
291 199 0
14 358 0
240 420 1
89 361 1
176 230 5
284 325 1
340 52 2
213 240 6
65 159 5
95 344 0
307 348 2
89 404 0
466 451 0
89 230 7
207 317 3
207 188 2
75 230 7
1 132 5
470 16 6
183 140 3
177 94 0
55 266 1
382 138 6
153 470 5
470 382 5
455 213 4
128 469 2
333 406 5
100 410 6
466 241 7
180 414 0
223 173 0
85 100 7
264 332 0
24 225 7
183 31 5
191 128 5
316 74 0
154 114 1
159 277 7
143 71 4
351 94 5
53 387 1
183 397 0
273 303 5
332 189 7
283 85 6
417 120 2
183 448 5
177 210 6
207 361 4
213 56 6
113 71 5
128 83 3
89 70 4
52 213 7
138 174 4
151 269 5
128 235 0
263 412 7
186 89 0
364 157 0
372 317 1
351 140 3
372 235 6
333 240 0
177 55 1
268 235 3
344 406 6
151 174 7
55 260 7
155 198 6
438 376 7
121 20 6
351 266 0
268 45 0
155 389 6
55 228 4
81 157 2
51 355 0
174 111 2
80 419 2
154 171 7
155 262 3
155 100 5
180 260 2
55 32 5
351 245 7
351 51 6
284 298 2
10 219 1
163 236 1
154 247 4
58 225 7
425 26 0
263 252 6
258 143 7
451 318 6
429 111 5
263 388 2
263 42 6
153 54 6
372 469 5
186 55 4
400 18 7
35 457 4
263 141 6
307 340 2
370 97 1
283 141 2
382 399 2
213 197 0
328 26 6
153 417 1
159 101 2
436 10 7
128 40 4
284 224 6
151 429 4
407 143 2
263 187 1
466 159 4
309 213 5
345 228 6
451 328 1
368 168 1
308 445 7
89 357 2
155 29 7
223 296 3
100 194 7
183 458 7
183 410 6
283 100 2
186 223 3
40 100 3
351 422 2
402 400 4
263 182 7
56 420 7
13 154 5
202 120 0
189 68 0
115 398 1
207 256 3
121 71 2
269 16 2
46 377 3
207 410 7
55 188 7
204 172 7
399 413 1
95 240 2
14 138 2
106 413 6
128 31 7
283 110 5
74 115 0
156 263 7
263 283 4
55 11 6
115 16 1
155 355 0
372 361 1
128 223 4
89 245 4
89 214 5
466 213 6
229 199 3
55 198 7
10 58 6
172 134 0
372 239 5
263 261 6
309 123 4
14 143 3
113 417 6
189 163 6
307 26 6
417 470 6
466 444 5
89 4 1
55 212 4
255 242 2
263 377 4
344 213 5
351 212 1
330 55 3
183 11 2
403 399 7
15 177 0
56 277 5
284 342 0
183 206 4
350 157 4
326 327 5
329 320 5
207 311 1
55 414 3
177 355 0
148 315 1
177 279 1
76 346 0
155 276 3
40 177 0
180 38 0
268 261 2
163 151 2
283 72 2
283 315 3
7 406 1
427 177 6
345 326 5
470 258 3
43 455 3
56 406 3
119 172 1
457 7 2
177 246 6
177 187 7
153 151 2
55 458 6
62 417 7
378 215 7
143 417 2
223 198 1
159 65 3
223 114 0
210 268 7
353 157 4
152 236 6
443 315 1
35 420 6
372 432 3
309 159 1
43 406 1
159 309 7
356 387 3
378 54 6
199 129 2
384 43 7
138 470 0
299 471 6
84 123 3
372 209 4
406 213 4
12 75 4
319 228 3
406 340 3
111 151 4
406 43 3
451 65 1
309 420 7
121 174 5
349 142 3
63 81 0
158 263 5
283 128 7
186 31 7
20 111 6
382 174 5
466 129 5
268 42 2
277 129 1
177 37 5
100 241 3
299 193 7
33 355 3
160 321 7
113 470 3
364 294 3
93 464 3
466 277 0
20 399 7
279 92 0
143 16 5
277 43 7
6 159 7
318 406 0
177 351 7
172 225 7
174 153 7
183 261 0
399 429 0
417 153 3
356 132 3
459 1 0
223 4 0
115 346 4
121 120 4
55 412 2
223 156 5
283 389 7
178 196 4
71 174 1
263 207 5
277 229 4
163 407 7
155 268 4
307 6 1
128 245 5
193 163 1
240 328 1
399 453 7
174 407 3
101 285 5
279 377 7
33 87 6
284 375 2
299 189 6
412 228 6
351 322 6
100 51 4
53 177 4
236 306 2
172 77 5
55 82 1
207 357 7
52 420 7
451 213 1
154 357 6
101 340 5
263 94 5
140 459 4
26 101 1
177 214 3
285 84 4
328 333 5
159 384 3
292 221 7
379 335 7
263 157 1
177 268 5
230 321 5
6 455 1
290 120 2
210 177 2
284 400 6
154 188 1
449 207 2
55 459 3
183 355 5
163 299 2
207 257 0
154 428 1
16 143 6
56 123 6
140 351 0
412 177 2
177 11 0
338 346 6
283 114 1
89 13 3
191 100 5
466 390 6
129 406 6
101 457 3
459 128 3
100 137 3
449 198 0
97 370 1
200 353 3
159 26 7
316 382 5
56 457 4
16 74 3
419 55 4
297 157 4
71 16 7
339 157 6
100 55 4
128 136 6
177 207 5
95 420 1
309 101 4
351 188 5
307 420 2
356 458 3
264 193 6
155 232 5
459 389 3
318 307 4
252 186 3
291 309 2
158 327 7
372 268 5
97 413 4
223 15 1
154 257 2
333 229 6
198 55 0
223 98 1
168 368 3
35 348 5
33 268 5
172 431 7
199 229 6
268 17 3
367 172 3
43 197 6
178 284 7
263 393 1
128 36 4
349 400 4
89 405 1
372 401 4
399 153 2
186 283 6
425 339 5
17 186 6
174 120 3
155 412 7
89 205 7
155 341 4
268 393 3
351 100 1
55 158 5
268 104 3
177 261 3
268 188 2
15 87 5
223 31 4
286 392 1
455 348 2
177 44 2
177 469 6
177 80 3
450 163 5
191 315 1
100 36 1
348 240 5
210 416 3
297 321 3
223 256 6
111 16 4
263 100 7
142 400 2
425 451 1
55 310 5
168 254 5
12 413 7
174 316 2
466 76 4
163 138 3
120 399 4
207 177 1
158 459 1
186 425 0
229 420 4
128 51 5
15 154 0
75 233 3
180 275 4
345 96 1
142 255 5
55 225 1
372 230 7
325 216 0
203 306 6
420 52 4
246 387 6
198 256 5
159 348 5
52 307 5
153 20 0
304 435 3
459 310 1
177 141 3
35 56 7
351 274 4
399 58 6
372 103 2
457 213 0
35 159 1
297 413 7
168 39 3
268 257 5
199 35 7
60 157 1
151 14 6
351 408 5
283 268 2
223 268 0
31 87 6
47 151 3
28 374 0
47 290 3
84 348 6
40 372 1
207 304 4
466 440 6
407 120 7
183 253 6
309 328 2
207 408 5
451 199 6
309 84 6
55 49 4
177 462 2
353 346 3
85 355 1
15 414 6
328 35 2
65 344 3
223 182 3
284 189 1
180 454 4
172 73 2
263 326 7
100 103 7
351 122 2
177 136 1
140 414 7
177 217 5
368 185 1
372 232 4
100 205 5
406 159 6
172 420 1
457 129 5
372 336 0
100 449 5
339 120 3
163 152 3
219 14 4
183 372 7
304 177 2
459 414 7
172 255 0
92 12 2
85 223 1
368 120 6
264 189 6
28 303 3
55 355 2
263 114 3
121 353 3
230 76 2
183 89 7
459 365 7
436 353 2
95 6 0
155 181 5
425 457 5
55 17 2
318 348 3
7 197 1
154 275 6
277 199 0
268 0 2
177 301 4
399 382 1
273 92 7
290 20 6
128 336 7
55 448 5
299 236 1
43 420 5
177 148 3
74 16 7
425 364 1
155 188 3
14 399 3
406 52 1
140 304 6
128 253 4
172 202 1
449 128 4
154 186 5
372 11 6
16 151 1
7 309 5
268 11 3
121 75 5
223 327 3
268 72 4
466 4 4
199 340 0
268 245 6
466 229 4
101 277 0
55 304 2
240 52 1
198 141 5
268 421 5
106 75 0
307 318 4
177 427 2
429 174 0
351 42 2
356 395 4
277 101 0
207 281 1
291 76 5
54 225 5
236 332 2
372 170 0
223 210 6
213 285 2
470 111 3
451 43 2
177 72 5
138 219 4
154 89 2
453 225 3
192 468 3
177 418 0
71 417 0
123 52 3
129 277 3
177 404 2
177 252 0
138 151 0
198 257 6
223 34 0
425 251 2
236 193 5
100 42 1
269 153 6
200 157 5
263 268 4
89 41 4
367 306 0
372 98 6
258 153 4
186 100 2
129 451 4
142 403 3
213 457 0
284 249 0
247 100 4
284 134 0
309 348 0
207 49 6
14 219 2
240 101 2
207 165 6
283 184 1
95 197 5
172 224 0
263 89 1
223 88 7
223 304 6
55 365 7
160 134 6
263 287 2
419 314 2
450 142 3
470 219 2
213 420 1
177 435 5
177 287 6
89 156 0
13 351 2
155 4 0
20 143 0
420 213 3
151 399 1
180 146 0
219 153 7
93 360 6
47 316 4
417 111 6
81 63 4
263 303 7
172 43 7
351 397 4
268 182 5
163 192 1
1 314 1
155 165 4
177 447 0
121 290 2
223 201 4
7 333 4
26 318 2
356 314 3
356 228 3
384 213 1
249 178 0
453 288 3
466 344 6
52 455 6
283 449 6
466 15 2
189 231 4
142 450 2
128 252 6
309 229 3
368 63 5
351 86 1
197 159 1
6 84 2
65 384 0
207 401 3
420 328 0
384 199 4
102 471 7
12 68 6
99 345 0
120 151 3
65 43 5
395 228 4
207 171 5
243 419 6
285 101 7
151 143 7
155 98 6
351 232 2
263 387 5
384 307 7
223 104 0
62 115 1
299 163 3
382 269 7
351 156 0
328 65 7
120 74 6
158 177 5
12 332 6
106 196 6
252 414 6
332 367 2
26 285 3
283 415 7
451 455 1
71 14 7
246 177 1
353 76 0
348 52 4
55 40 7
437 372 4
247 223 4
351 33 5
74 269 7
345 447 6
323 68 3
247 416 7
419 377 0
55 311 4
263 289 4
71 269 7
268 187 0
123 229 6
359 160 0
129 457 7
213 451 1
307 123 4
95 348 6
172 178 3
372 186 1
183 104 5
240 95 3
100 454 5
273 34 5
373 427 5
372 274 4
263 327 4
333 340 4
344 348 3
183 296 6
155 210 5
345 399 6
279 263 6
180 37 7
466 460 7
47 20 7
128 311 0
291 420 1
269 14 2
283 88 4
177 387 7
12 279 0
356 469 4
129 101 5
264 231 3
100 87 2
100 186 3
177 41 0
7 420 1
31 414 3
265 413 2
128 405 7
28 34 2
223 371 0
183 435 5
340 318 6
142 471 4
43 285 6
154 268 0
186 128 0
199 344 3
40 154 6
183 304 4
16 290 1
407 71 6
128 103 0
229 213 5
113 47 1
58 382 0
268 41 2
367 216 3
283 275 3
340 129 3
332 359 4
321 233 6
299 160 6
199 213 1
121 151 3
466 354 3
240 344 5
55 31 2
269 316 6
243 228 0
55 336 1
65 123 2
419 345 7
177 212 3
207 371 7
163 3 1
277 213 1
246 183 6
351 467 3
419 125 2
177 126 2
151 113 0
172 406 6
113 346 5
207 141 6
327 295 6
163 399 0
284 313 3
85 128 3
341 100 3
207 252 4
55 467 0
186 372 4
345 388 2
347 332 2
263 386 4
284 66 7
372 452 0
161 178 4
268 460 7
193 160 3
7 348 0
321 76 5
223 137 0
340 199 7
338 230 3
183 462 4
163 376 3
425 21 0
186 32 5
459 55 0
100 206 2
466 110 4
260 53 5
111 115 6
81 168 4
247 372 0
189 142 5
35 309 2
223 266 2
129 65 7
10 120 1
154 361 6
186 155 6
172 359 3
56 197 5
100 70 3
12 376 0
252 128 3
199 328 6
198 217 6
382 22 7
229 197 6
366 360 6
199 95 6
312 120 4
43 56 6
283 460 3
207 261 6
207 262 1
263 19 5
89 0 0
55 361 1
284 450 5
56 307 5
283 186 7
372 154 1
268 437 0
89 432 6
35 333 7
328 197 5
115 258 5
399 34 1
247 55 0
341 351 4
183 41 5
344 420 2
466 88 7
263 183 4
183 250 5
55 34 3
161 8 1
177 29 6
291 43 4
309 333 5
277 240 7
153 62 0
326 267 2
154 355 7
332 211 5
113 316 7
223 372 6
123 65 3
420 159 4
183 194 5
229 95 7
128 232 1
120 20 5
155 448 4
106 299 2
55 404 5
154 87 7
307 7 6
344 309 0
420 6 6
154 410 7
263 51 4
268 256 0
403 142 7
14 71 1
15 466 6
115 74 4
172 9 1
200 76 5
263 191 5
247 177 1
459 256 6
347 189 6
419 48 0
345 303 5
453 157 0
223 188 6
180 263 5
470 138 0
192 160 3
76 230 3
207 88 2
219 111 5
457 307 3
249 303 2
263 147 1
388 345 2
89 232 1
197 199 4
197 101 4
400 193 3
399 138 0
333 213 7
344 159 4
163 106 1
350 321 0
100 448 2
35 26 5
177 239 3
420 123 4
84 333 4
56 328 6
16 407 3
12 216 6
186 183 4
100 32 0
307 451 7
324 177 2
463 400 4
236 12 0
223 206 4
111 14 2
106 142 3
6 43 0
85 414 2
32 87 4
23 360 6
100 372 1
283 404 7
128 305 3
207 235 4
154 72 5
348 285 3
84 285 4
223 449 0
172 323 1
159 129 1
12 92 5
154 4 3
183 256 7
351 98 5
174 115 4
158 315 6
283 29 6
10 14 4
102 402 5
99 377 3
213 307 5
400 134 4
7 240 1
55 191 5
420 451 1
20 429 6
154 397 5
155 446 7
223 82 4
55 110 1
406 35 1
307 406 3
128 432 4
53 458 3
345 75 0
52 309 7
97 233 2
177 241 2
121 74 0
177 415 5
177 186 6
453 286 2
180 82 7
316 62 5
226 315 2
268 29 2
268 140 5
38 180 1
74 399 5
198 155 1
345 157 4
332 306 2
85 268 7
100 198 2
284 362 5
154 351 2
154 13 5
65 95 5
128 177 6
372 414 1
177 4 7
384 277 6
284 367 5
154 206 0
174 417 6
186 87 0
106 447 4
121 153 7
198 32 3
155 156 3
353 120 2
207 253 3
412 345 6
240 309 1
372 94 1
353 58 0
291 233 6
464 366 4
382 14 6
364 338 4
198 268 5
283 241 5
340 309 5
263 145 0
55 422 2
26 451 1
326 177 1
207 122 0
111 113 7
407 138 6
158 132 1
55 371 4
26 95 7
310 345 3
284 471 5
35 277 6
26 199 3
177 405 0
109 81 0
455 7 2
207 205 4
417 219 4
113 20 2
138 143 1
249 172 0
309 43 2
301 414 5
177 247 5
263 194 0
177 208 1
58 215 0
345 18 2
172 160 1
344 240 4
353 34 1
154 15 4
213 52 4
459 210 1
466 240 1
89 33 5
20 316 4
351 405 7
92 236 3
365 459 3
263 449 4
223 40 0
309 384 7
466 462 5
56 340 0
318 26 7
155 201 3
71 111 0
183 201 0
100 88 0
301 55 5
283 188 0
351 171 0
172 271 0
89 239 6
89 179 0
65 84 4
263 128 2
268 416 6
240 43 1
230 233 1
12 121 1
372 40 7
351 247 3
20 417 6
33 263 4
402 163 1
65 213 6
47 71 1
154 141 4
223 110 5
177 256 6
351 391 7
297 225 7
151 111 5
412 331 6
263 140 0
143 316 1
177 183 4
345 413 6
67 254 5
163 290 1
365 158 6
198 241 7
425 107 2
263 432 0
21 425 5
309 406 7
333 451 4
419 395 3
177 114 3
268 198 0
153 74 7
158 419 2
318 451 6
466 421 3
63 109 1
328 95 4
333 52 4
55 322 1
246 345 2
128 266 5
316 20 1
101 318 5
339 353 6
268 239 7
240 384 3
155 42 7
198 262 6
172 328 1
223 466 7
154 467 5
360 366 5
172 403 5
22 153 3
154 449 0
284 271 0
466 432 4
89 40 2
207 51 3
143 14 7
198 274 7
183 232 1
101 52 3
155 217 1
364 466 0
189 413 2
153 316 0
263 428 6
277 457 2
183 198 2
344 451 6
180 441 3
466 173 3
202 413 5
333 35 1
390 174 6
309 26 2
143 62 2
461 268 5
453 58 6
372 410 3
372 261 5
263 434 2
260 181 1
47 269 0
348 26 7
128 180 5
466 384 1
183 446 1
161 120 3
177 45 0
382 20 6
177 156 6
284 231 3
268 207 4
177 444 3
43 229 4
207 461 4
284 57 5
268 415 1
290 429 6
368 157 2
40 89 1
240 457 0
268 191 5
84 159 3
459 412 5
283 405 6
347 323 2
100 351 5
284 403 1
269 62 1
55 413 7
163 463 0
97 75 5
100 128 4
56 35 1
129 7 5
35 123 1
351 137 0
351 182 0
199 159 4
223 89 5
155 275 0
210 263 5
372 141 5
183 210 4
198 389 5
288 286 7
155 141 5
400 379 7
263 469 4
100 4 4
223 132 4
129 344 3
30 76 6
318 457 0
299 69 0
267 177 2
285 455 1
263 352 6
364 233 5
100 315 1
386 177 7
373 377 4
400 202 6
208 279 0
172 379 7
425 177 4
466 82 6
419 427 4
263 345 0
437 177 0
74 258 5
14 316 1
323 306 5
400 163 4
425 234 4
310 419 6
183 182 6
453 382 7
332 271 0
71 258 1
140 263 7
380 34 5
277 340 7
121 429 5
219 16 1
115 14 1
26 457 6
267 228 3
111 429 5
459 114 3
74 71 0
466 296 6
360 233 5
457 240 3
89 98 6
323 231 2
399 157 5
417 413 0
207 179 5
277 451 0
172 457 6
128 241 4
186 449 6
243 315 1
191 154 2
372 398 7
384 159 1
309 6 0
284 68 3
260 132 7
85 89 5
142 236 0
182 87 5
113 151 5
106 233 6
207 214 2
356 295 1
269 174 4
51 223 2
328 307 6
120 22 6
7 340 7
128 205 6
284 193 4
47 121 1
128 98 4
177 352 4
75 321 4
120 71 1
364 453 2
420 333 4
43 240 6
345 265 1
177 339 2
240 451 0
279 189 4
229 129 1
333 348 4
100 405 5
210 154 4
318 285 2
183 179 5
223 70 1
353 75 0
197 451 3
43 328 7
155 72 1
191 263 5
177 449 3
95 451 2
223 55 7
316 429 1
62 22 3
35 84 3
285 213 6
207 11 7
285 340 1
121 380 0
459 322 3
372 461 6
65 229 5
263 87 4
290 470 5
143 151 0
84 240 5
319 345 0
407 14 5
84 455 7
309 199 0
172 400 7
252 268 7
412 356 7
84 101 6
291 8 6
372 405 4
55 205 2
65 7 2
263 156 6
207 0 0
345 40 7
353 18 1
351 461 7
263 13 5
207 385 5
425 456 6
111 417 7
172 192 4
151 34 7
240 199 0
56 7 1
387 315 7
341 87 1
338 233 4
255 215 3
307 240 5
115 75 1
207 278 5
80 315 4
17 414 0
348 307 3
177 48 2
388 310 7
273 211 1
40 268 5
457 318 3
223 140 4
207 448 2
341 198 3
40 183 3
180 351 5
62 151 6
52 6 0
123 199 6
351 201 1
100 283 3
351 462 5
101 420 2
304 55 7
321 220 4
142 299 4
30 220 6
189 400 0
153 14 6
183 405 4
128 104 5
455 240 5
273 471 5
200 220 7
337 431 3
243 87 5
85 315 2
89 448 3
263 201 1
159 123 5
177 125 6
85 87 1
308 168 7
264 299 2
55 173 4
95 333 4
55 74 7
89 416 2
470 153 3
351 154 2
100 304 6
347 216 0
155 428 5
172 190 6
365 345 2
325 471 1
174 14 4
351 37 2
35 65 4
100 262 4
7 307 3
154 440 7
453 380 0
84 451 4
223 33 4
240 123 5
100 136 3
39 81 3
268 317 7
128 188 5
193 284 5
340 123 1
111 382 6
340 455 6
470 143 1
326 263 6
177 408 6
219 417 2
128 428 5
152 163 1
177 393 7
309 95 0
177 206 3
198 110 0
177 460 5
55 201 4
403 172 3
264 12 2
65 328 6
128 263 6
186 85 6
155 416 5
268 389 3
348 406 7
154 371 2
155 315 2
268 432 1
197 309 5
155 391 6
400 102 0
210 128 6
16 121 4
6 328 3
6 52 2
111 269 0
359 189 0
172 102 4
348 455 6
177 341 7
263 130 5
268 128 7
466 89 2
100 296 4
33 128 5
252 404 1
372 137 2
207 440 6
89 270 0
381 236 7
328 384 3
450 102 4
162 284 7
15 263 3
151 413 1
466 357 3
177 232 6
451 7 7
453 267 5
436 218 4
172 196 4
466 186 4
159 7 0
106 120 1
95 65 2
115 316 3
455 344 5
372 245 1
177 377 3
120 174 1
183 19 4
185 254 6
95 309 7
85 207 3
24 413 0
351 177 4
172 376 0
120 269 2
263 38 3
65 318 6
283 263 4
466 428 2
263 29 0
247 87 7
154 191 0
168 230 0
155 182 4
89 346 2
56 43 5
368 254 5
183 156 6
240 84 2
301 177 4
372 280 7
207 391 5
43 35 3
284 152 2
155 36 7
186 141 6
121 14 4
340 84 2
254 308 5
316 16 2
451 340 4
436 413 3
55 446 0
101 6 7
24 242 6
6 129 2
466 233 6
198 404 2
7 26 2
189 264 7
115 215 2
333 56 5
100 440 5
66 160 1
128 11 4
154 416 2
177 266 5
351 454 1
111 62 1
285 328 5
299 282 0
197 344 7
223 100 1
323 347 0
142 134 4
99 315 4
177 87 2
197 384 7
263 186 7
349 163 4
219 290 2
35 199 6
56 348 1
332 323 2
268 31 2
213 26 4
109 63 3
345 34 4
74 143 6
43 84 7
459 206 3
177 130 0
328 101 1
65 348 6
345 395 1
154 29 5
268 414 2
277 159 6
186 252 1
24 75 6
142 163 5
85 155 6
89 393 1
466 70 0
372 252 6
345 412 2
106 18 6
412 183 6
1 356 6
229 101 4
325 172 5
55 181 6
89 274 0
180 388 1
273 102 2
382 71 1
268 114 5
163 69 2
143 20 7
455 35 7
55 352 6
419 279 4
43 213 6
425 28 2
16 219 2
177 391 5
236 271 1
158 228 7
16 316 4
30 139 5
219 258 0
196 106 4
55 13 1
26 406 1
381 271 1
7 52 0
28 413 2
35 307 2
123 35 3
425 309 5
177 173 6
1 310 1
100 223 7
268 83 5
7 455 1
207 275 4
459 377 1
189 323 0
140 207 0
470 429 5
154 40 0
65 129 7
344 129 3
115 290 5
198 385 2
113 16 1
268 15 7
425 10 5
263 31 7
177 454 4
101 199 1
437 351 1
113 220 0
163 202 5
159 328 3
128 270 1
350 398 7
202 230 1
308 368 1
199 56 3
333 309 2
186 268 5
177 428 1
263 373 0
123 129 0
172 375 6
453 399 1
263 36 6
128 171 0
207 305 4
65 35 5
223 458 6
172 195 6
81 185 2
55 274 0
143 219 1
223 377 4
283 454 3
288 398 3
142 189 6
254 39 0
111 470 6
198 183 1
1 458 5
52 406 6
268 404 6
79 177 7
155 257 4
223 397 1
255 193 3
127 445 5
177 145 1
451 35 2
128 421 5
128 85 6
100 89 1
210 155 1
344 277 6
328 213 0
419 343 1
26 35 7
174 382 2
101 56 0
299 178 5
52 43 5
246 310 3
151 316 4
328 84 1
263 296 2
466 275 6
174 138 6
416 87 1
449 183 5
81 120 3
89 87 0
390 466 5
269 113 4
333 101 4
177 369 4
345 263 4
406 457 0
221 157 1
163 323 5
285 451 2
40 345 3
12 58 0
283 341 6
273 312 3
268 173 0
177 253 7
263 276 4
128 183 6
47 258 3
174 47 6
177 396 3
260 387 0
71 470 6
316 151 7
65 406 0
128 239 7
455 43 2
269 138 0
183 351 1
55 469 0
100 268 3
351 13 4
210 223 7
466 404 7
297 346 6
223 460 1
193 347 7
419 158 0
189 367 3
301 154 0
372 41 7
183 276 7
223 136 0
285 6 5
183 177 2
326 345 5
207 449 5
12 271 4
466 311 1
32 198 7
323 367 4
155 206 4
351 270 3
466 198 3
403 299 5
81 445 4
183 36 1
359 172 7
100 217 4
351 19 6
344 95 5
223 357 1
310 412 2
243 314 3
207 128 5
200 315 4
119 34 3
263 98 3
207 351 2
340 197 6
203 178 4
436 339 0
155 103 3
128 446 5
307 101 0
367 347 6
132 295 6
268 435 7
263 45 5
351 32 7
100 401 7
101 455 6
351 257 1
459 263 5
417 143 4
89 103 1
177 388 3
52 348 7
198 276 4
55 303 2
425 406 1
339 34 1
353 303 6
348 277 1
199 333 7
207 274 2
425 75 4
384 344 3
155 466 7
189 347 7
89 428 6
207 94 1
338 294 1
33 155 0
159 307 1
63 368 3
167 425 2
207 184 4
307 43 4
193 142 6
338 321 6
372 36 6
177 467 6
263 246 6
457 285 2
40 351 7
406 451 7
263 103 4
297 8 1
466 307 1
198 372 5
128 317 2
143 382 6
153 407 2
420 35 1
128 296 6
155 336 1
198 188 4
207 217 5
154 278 4
309 52 1
156 87 0
180 315 7
128 467 6
345 55 2
384 318 3
384 457 4
154 301 2
351 136 3
177 373 3
263 279 0
291 348 0
155 317 7
138 121 2
466 8 3
33 198 3
268 223 2
243 177 7
100 276 2
84 43 5
207 114 0
372 355 4
192 172 2
403 18 0
333 420 5
351 304 3
121 219 7
429 16 5
185 157 1
198 82 6
89 352 2
75 58 7
159 455 2
372 182 0
466 52 7
101 213 7
309 35 2
153 382 7
22 121 6
160 291 4
177 42 7
174 71 0
400 190 4
247 183 0
6 344 5
100 188 7
199 384 6
172 199 6
240 348 3
407 429 5
100 421 2
372 256 6
229 384 2
364 34 6
79 414 2
268 351 5
207 393 7
84 328 2
457 406 3
177 171 3
155 32 0
202 400 4
202 142 5
406 348 1
100 232 3
55 353 5
177 324 7
54 380 4
155 51 7
197 420 7
263 46 4
372 449 1
177 146 0
183 0 2
351 252 4
349 299 2
372 165 6
450 299 0
128 45 1
163 313 4
207 276 6
7 344 5
79 315 2
457 455 5
223 13 6
268 194 7
229 328 1
277 348 2
466 72 0
437 128 4
466 454 6
183 42 6
75 413 0
384 285 3
69 163 3
328 318 2
223 247 2
351 336 3
128 194 0
344 65 7
470 290 5
6 56 4
177 132 4
466 397 5
466 406 0
198 355 4
177 389 0
243 345 4
351 128 1
89 280 1
13 223 2
229 318 0
223 42 1
189 216 3
351 275 1
30 398 0
321 398 2
160 413 2
263 404 6
263 179 7
453 215 1
293 93 3
66 172 0
292 288 1
210 89 0
177 440 5
128 88 5
198 103 5
348 95 2
223 414 3
263 49 0
367 284 3
240 159 1
198 223 2
128 214 3
177 128 7
35 406 2
155 11 2
183 305 1
338 220 6
268 276 3
451 348 7
129 420 7
268 214 2
65 307 6
155 304 1
55 301 3
180 241 3
304 100 7
425 453 5
340 101 2
84 52 1
172 282 7
113 230 0
121 225 5
277 384 0
207 266 3
35 129 6
252 187 2
12 353 1
106 160 6
55 241 0
466 405 3
123 159 5
419 365 6
154 352 3
55 415 5
264 142 5
255 121 5
285 95 0
378 286 3
120 157 2
180 472 0
283 351 4
154 422 4
283 148 3
351 263 2
406 384 7
123 457 6
466 348 6
344 52 4
268 305 6
93 366 3
144 374 0
459 449 0
372 305 6
100 247 0
14 121 4
65 455 3
200 230 3
12 90 3
154 70 7
219 121 2
65 199 4
207 87 7
333 84 4
95 56 6
177 184 5
438 120 5
301 283 2
65 56 6
417 20 2
127 430 6
223 440 3
203 335 3
247 268 7
455 451 4
155 191 4
316 417 2
143 470 3
430 127 4
240 26 1
268 171 6
378 346 3
89 317 0
425 418 2
457 26 6
330 132 1
55 253 0
407 316 6
455 52 1
285 309 3
246 132 4
128 140 1
269 407 2
268 217 4
163 264 2
128 389 4
416 449 5
177 194 6
419 324 0
316 290 5
154 110 2
407 269 7
333 123 7
106 346 6
180 226 5
191 466 1
399 62 1
128 187 7
129 6 1
263 241 7
177 466 5
417 407 1
183 88 5
223 444 7
265 34 7
40 416 4
307 159 2
47 143 7
35 52 4
425 186 7
100 389 0
186 177 4
177 414 6
318 65 5
223 275 7
140 183 4
163 269 5
28 230 7
223 421 6
198 128 7
33 351 0
268 40 3
53 260 0
207 416 7
174 269 5
269 338 4
318 309 4
189 236 5
128 4 4
177 157 0
177 461 7
382 16 0
40 155 3
153 115 4
14 470 3
106 466 7
207 201 6
395 356 1
453 34 1
26 340 1
340 240 5
174 399 6
128 32 7
263 401 7
348 84 5
111 138 0
163 353 5
353 225 4
63 230 0
451 84 7
353 220 1
154 156 0
24 374 2
148 283 1
47 120 3
154 322 0
268 266 3
177 441 5
210 372 6
154 432 2
151 153 1
407 413 2
12 192 6
43 307 1
120 113 3
55 317 3
351 466 7
74 120 4
177 36 6
345 177 6
304 128 3
172 335 3
6 240 5
348 43 7
186 207 1
309 455 1
268 385 4
310 327 0
451 6 1
142 152 5
138 407 1
163 403 7
128 82 6
364 392 5
95 123 0
384 229 5
192 284 6
17 198 3
263 466 4
14 74 4
155 401 4
154 33 6
372 422 0
154 414 2
267 263 4
100 467 6
365 314 0
177 10 1
101 7 0
283 444 7
284 273 3
372 462 6
459 301 2
198 17 7
85 198 1
89 130 7
198 156 7
154 212 1
263 435 2
340 344 0
351 460 7
52 84 4
7 43 7
81 34 2
263 331 6
307 65 0
316 14 7
372 87 1
197 318 4
263 267 1
459 356 7
172 66 0
466 32 0
341 315 5
223 351 0
199 123 6
128 304 3
55 174 4
425 414 0
268 33 4
7 129 7
277 52 5
154 165 6
284 162 1
43 384 3
115 121 6
177 200 0
240 406 5
197 84 0
325 12 0
177 82 6
100 266 0
223 422 5
71 143 4
416 114 5
177 28 0
33 416 1
406 344 4
163 429 6
3 298 7
113 138 6
332 92 3
197 213 5
89 305 0
113 62 3
89 461 5
129 240 7
455 84 1
457 348 7
180 355 1
252 357 3
84 65 0
160 193 1
400 196 3
6 35 7
279 225 3
345 327 6
406 101 3
177 235 1
207 280 4
191 351 5
301 155 1
155 205 2
268 205 0
89 194 2
353 215 0
309 451 1
55 356 7
359 284 7
183 33 1
154 37 6
399 115 3
223 228 5
101 240 0
155 184 1
177 353 5
341 177 1
89 250 5
142 376 1
340 229 1
20 151 0
47 470 5
255 18 4
356 310 7
207 32 5
123 285 6
297 120 5
113 269 1
100 301 1
174 22 7
95 7 3
283 467 0
143 174 7
263 37 5
183 317 3
155 247 5
407 74 5
236 142 0
348 318 1
143 269 3
52 95 3
299 134 0
155 140 4
403 225 7
470 151 7
7 328 2
81 368 4
348 229 1
177 386 2
200 233 0
223 416 1
304 140 4
407 157 5
372 404 6
417 429 0
172 106 7
459 327 5
269 143 1
285 229 6
7 199 7
198 179 3
395 263 4
128 274 1
174 113 7
155 469 1
351 239 3
128 276 1
12 142 6
291 321 7
223 391 1
26 52 4
199 84 6
155 179 4
186 19 5
268 94 7
268 241 2
420 277 2
55 261 4
268 467 4
197 333 7
220 346 5
268 461 5
168 445 3
113 413 4
163 438 1
172 26 5
154 341 5
52 340 4
58 121 4
333 455 2
277 309 6
223 29 1
328 229 1
268 86 1
243 377 3
154 103 3
197 6 0
100 171 1
20 71 5
186 17 7
163 190 1
56 101 1
417 151 3
269 354 1
229 406 7
20 258 1
284 335 5
52 101 0
198 416 5
183 98 6
115 120 7
207 352 7
198 467 6
309 457 3
62 71 4
466 29 0
12 193 4
372 100 0
356 412 0
348 384 1
382 417 4
177 385 3
89 446 0
268 51 0
99 263 6
55 141 2
407 115 0
378 374 4
183 70 2
332 325 0
240 197 0
55 184 2
54 409 0
219 20 0
192 12 2
345 74 3
333 43 2
172 211 2
163 193 0
461 183 0
277 6 4
356 326 0
183 422 5
263 275 4
100 140 2
101 344 3
263 355 6
466 457 5
417 74 5
328 56 4
466 123 4
285 384 4
213 95 1
129 318 2
263 260 2
284 178 7
372 466 5
106 400 2
263 365 2
285 344 0
223 355 3
207 336 4
89 191 4
372 76 4
345 310 1
207 462 2
89 210 2
236 189 7
351 446 5
420 199 4
240 333 5
388 315 2
7 6 6
246 223 5
207 85 0
246 295 7
340 333 0
367 323 4
65 285 2
461 128 1
263 446 3
223 83 7
129 43 3
22 151 3
197 65 7
16 470 5
417 316 3
129 309 4
154 241 3
372 155 6
453 120 7
89 137 3
268 155 7
199 240 6
406 84 5
353 153 7
453 221 0
172 362 4
6 285 2
332 216 2
55 215 1
425 348 5
155 83 6
263 122 2
81 190 5
457 95 1
325 335 0
55 29 5
183 393 4
384 197 1
268 352 0
154 210 4
75 338 5
268 275 5
384 340 3
159 285 7
459 31 5
163 153 2
458 183 3
359 216 7
407 151 3
351 186 4
263 460 1
380 18 4
419 223 4
345 246 4
128 0 7
284 347 4
55 357 4
115 470 0
307 52 4
43 101 6
40 283 7
283 173 5
168 300 7
328 309 0
348 457 6
402 142 4
437 268 4
340 348 5
466 322 2
198 440 1
186 414 2
155 415 5
105 225 6
337 172 0
372 253 2
54 153 3
100 355 0
350 392 4
339 436 3
268 253 1
55 100 2
172 240 7
95 213 3
128 114 2
55 256 3
268 280 1
219 382 1
269 470 3
263 41 5
48 315 2
263 324 0
192 163 3
351 432 4
159 95 3
155 194 7
189 346 2
128 448 3
268 141 7
399 121 5
183 437 6
451 307 1
33 414 4
121 417 3
283 40 7
351 404 2
43 159 1
285 348 5
236 359 2
207 232 7
113 74 6
129 333 2
183 449 7
390 374 4
183 467 3
283 89 5
263 126 0
268 37 7
451 384 3
466 340 6
207 70 3
263 55 7
372 110 1
252 278 5
33 207 2
283 217 1
268 110 5
291 457 3
455 123 2
120 382 6
384 348 3
207 414 4
33 100 4
89 389 7
186 263 4
451 420 5
155 253 5
121 470 0
14 20 3
55 315 7
177 86 3
307 129 2
155 88 4
326 310 2
318 101 4
240 65 0
198 11 4
283 15 6
73 172 7
128 19 5
286 221 3
160 398 1
172 164 4
100 336 6
351 184 1
71 153 5
345 120 5
129 384 1
351 165 1
189 170 3
177 419 2
89 128 5
183 141 4
52 26 5
43 95 7
151 219 2
172 367 6
288 157 7
372 262 7
229 7 3
459 345 4
177 263 5
47 153 7
183 130 3
457 84 5
189 102 3
200 135 1
185 368 1
172 175 7
309 340 1
263 253 2
425 101 1
39 445 2
155 37 1
268 422 5
466 391 5
341 414 1
291 333 4
223 17 3
372 207 0
417 22 5
252 394 1
240 285 0
154 11 0
285 420 7
47 34 4
369 177 0
155 110 0
425 79 6
198 89 2
174 20 6
284 255 3
177 314 1
263 86 1
111 219 3
158 99 5
223 217 4
193 255 7
71 22 2
229 307 1
291 285 6
340 26 5
197 35 0
210 351 4
120 16 5
115 429 3
199 307 7
159 199 3
155 301 1
283 401 1
183 281 7
183 94 4
128 250 6
378 120 3
213 199 7
219 407 2
466 415 6
128 401 5
333 384 1
425 225 2
6 197 4
351 36 7
268 401 3
263 336 0
142 193 3
318 384 6
268 448 6
172 402 3
407 258 3
189 8 3
258 74 6
128 122 6
207 154 2
277 328 5
372 217 6
219 429 6
52 129 4
84 457 4
277 35 2
356 183 7
455 384 6
71 219 3
95 277 4
51 100 6
180 437 2
191 207 7
159 197 2
419 310 1
198 266 0
207 389 3
55 103 1
273 12 0
12 71 7
223 462 4
142 69 4
221 453 2
200 120 0
351 301 6
382 470 6
207 82 1
400 299 7
154 137 5
382 290 1
6 384 6
52 318 2
109 368 2
455 56 3
58 157 7
285 159 7
154 100 4
154 256 0
65 451 4
123 333 1
325 116 1
351 85 0
356 345 4
338 398 4
113 153 3
189 471 7
326 99 7
420 65 3
453 75 7
399 20 5
35 328 3
183 377 3
113 358 4
56 451 0
466 212 7
177 122 4
466 257 7
89 36 6
372 371 0
121 138 7
229 35 5
279 419 4
85 177 0
17 87 2
395 419 2
341 17 5
204 12 6
327 412 7
328 455 2
177 205 4
429 74 7
210 414 6
84 95 7
97 108 3
191 89 5
229 6 5
175 172 2
183 40 3
247 263 3
55 210 7
1 295 0
284 92 4
459 177 3
344 7 5
277 197 7
406 123 7
199 6 1
39 368 7
160 106 0
153 121 4
154 404 3
372 435 0
301 100 5
84 340 4
263 467 5
128 357 5
213 384 5
207 72 5
284 196 7
100 460 2
466 309 6
97 346 3
177 135 0
326 319 2
177 394 0
100 182 1
155 82 2
67 368 6
55 276 2
412 132 4
307 333 0
466 328 7
368 127 7
378 353 3
33 372 7
10 75 0
180 86 7
154 311 5
283 17 5
207 31 7
316 269 6
111 290 2
198 70 0
183 87 0
351 241 1
177 230 7
365 263 3
269 417 3
451 56 3
129 84 2
263 305 6
229 56 7
154 217 6
252 467 5
283 32 1
372 416 5
129 348 4
40 207 3
155 467 7
172 298 6
202 157 1
183 469 7
7 101 2
425 124 7
163 22 7
223 401 4
23 225 0
365 377 0
189 271 1
84 229 1
172 277 6
457 384 3
100 341 0
128 201 3
65 457 2
177 257 5
425 396 6
356 1 6
128 173 5
291 129 1
406 455 3
351 410 7
89 207 4
297 220 7
263 310 0
6 123 2
301 315 4
113 258 3
168 81 5
457 340 0
183 223 1
100 212 4
263 96 0
213 318 4
419 80 7
198 88 0
189 193 6
20 290 1
263 322 1
438 332 4
283 355 7
351 389 6
89 398 1
30 468 3
291 298 1
62 290 5
43 451 6
229 285 4
368 169 7
74 470 0
384 328 6
129 197 5
16 429 2
429 34 1
99 177 1
198 37 0
199 277 5
263 311 5
12 157 1
459 183 1
174 358 7
183 266 4
154 462 1
461 263 3
304 351 7
168 157 2
333 129 1
155 414 2
338 174 0
128 361 4
62 258 3
366 50 4
325 332 4
345 380 5
177 412 2
330 177 6
291 220 1
198 45 5
100 404 4
146 303 0
269 120 7
304 414 5
177 275 6
207 130 4
111 407 5
466 321 7
255 211 5
183 85 5
273 353 0
128 87 3
6 318 4
65 197 6
277 420 3
55 449 0
453 392 4
129 123 4
304 459 7
344 56 7
100 311 3
55 263 2
427 373 0
351 440 1
145 351 7
10 225 3
264 163 5
466 217 6
186 466 4
304 155 0
263 270 1
199 420 6
20 115 1
299 400 2
247 351 1
411 172 7
120 358 6
449 155 5
177 89 4
417 269 4
333 277 2
223 310 5
411 236 3
400 271 2
16 258 6
254 168 6
154 304 4
174 290 4
207 250 7
177 0 1
299 190 3
351 437 2
321 8 3
183 268 0
229 455 0
30 8 0
263 212 6
193 264 6
189 92 3
43 333 0
85 416 5
420 56 4
277 65 0
183 371 3
268 36 6
200 398 7
429 413 6
6 340 7
20 16 7
293 464 3
113 429 0
466 174 4
100 257 1
183 257 2
372 397 4
207 103 6
459 158 2
183 345 6
263 301 0
318 333 7
400 142 2
43 457 2
52 344 0
267 303 4
406 65 4
163 134 6
55 183 5
13 100 7
339 225 5
155 17 4
172 463 0
372 4 3
372 25 1
183 440 0
92 215 7
451 457 4
120 143 1
128 247 1
223 345 2
283 31 1
16 138 1
268 210 3
249 284 4
263 357 6
85 154 4
56 344 2
154 104 0
16 62 3
420 240 1
55 389 7
89 187 5
351 414 1
284 299 0
263 72 1
326 356 1
318 240 7
213 35 4
466 455 1
382 153 0
115 233 1
246 412 6
449 186 5
43 344 4
223 454 7
39 308 7
333 318 7
344 43 0
15 100 7
143 121 2
106 178 4
80 303 4
318 7 1
55 128 3
263 383 5
407 219 5
177 137 6
412 155 5
328 277 6
283 253 2
223 212 2
268 88 2
148 263 0
26 229 2
154 274 3
55 391 2
1 387 6
316 71 1
128 393 1
318 95 0
123 56 1
351 191 5
75 346 7
284 463 0
55 331 1
168 8 4
43 7 2
230 75 0
154 391 7
372 352 0
333 285 3
457 43 7
155 114 1
100 422 7
183 184 2
327 263 4
154 317 1
223 448 1
128 397 3
125 377 0
62 111 1
348 199 2
348 129 2
155 266 7
419 388 1
265 380 4
382 258 0
351 352 3
223 295 7
33 177 6
285 307 4
24 353 2
459 89 3
47 399 0
191 355 6
268 408 4
323 230 7
378 303 6
55 114 2
328 420 7
189 306 1
382 74 4
202 58 3
180 128 7
466 401 6
153 120 0
319 177 4
58 18 7
22 219 4
100 469 5
353 321 5
197 285 0
55 85 1
127 308 4
154 444 7
56 95 0
269 115 2
384 455 7
155 454 3
180 212 4
142 282 6
386 263 1
223 183 6
200 425 5
191 223 3
207 404 2
142 264 7
372 179 0
299 463 2
154 179 5
384 52 0
470 417 1
207 437 5
65 26 0
155 136 0
89 268 0
420 7 1
163 271 2
207 25 4
84 420 7
177 465 3
399 470 5
177 158 7
6 420 2
285 52 6
268 122 5
129 285 3
412 223 1
368 34 4
351 235 2
351 4 4
260 242 0
307 197 5
420 229 1
200 443 7
123 406 6
128 49 5
100 416 4
425 394 1
14 22 1
219 115 6
252 416 2
263 85 1
263 395 0
328 52 4
284 411 5
277 285 4
277 56 3
3 120 3
310 223 2
84 309 4
219 120 0
307 457 6
268 322 6
425 222 0
207 446 3
199 197 2
466 278 2
95 159 0
142 379 0
221 338 3
155 49 4
177 289 4
113 407 0
351 87 1
79 377 6
6 277 7
466 285 5
333 65 4
128 449 3
84 197 1
183 186 1
154 182 2
277 318 3
52 285 5
177 330 4
55 1 7
163 18 6
115 151 1
420 26 6
384 406 5
111 20 1
7 318 2
268 371 6
420 457 1
172 123 7
372 385 5
277 26 6
183 132 4
197 56 7
268 130 1
318 328 7
340 277 4
113 143 7
372 393 5
284 337 4
89 261 1
223 205 7
459 246 5
350 288 5
123 307 0
177 49 4
159 35 2
55 147 7
283 228 7
207 245 7
91 278 5
285 199 1
16 417 0
438 190 5
153 429 3
223 165 3
161 18 7
24 157 1
459 262 4
384 101 5
163 316 7
163 74 4
400 471 7
128 416 7
372 13 7
348 65 4
198 130 4
380 157 6
372 174 5
6 333 2
197 7 2
207 137 1
113 8 5
7 84 7
143 115 5
55 374 0
263 243 7
368 81 2
240 307 5
226 303 3
425 157 3
69 142 4
100 173 7
207 13 4
252 137 5
340 35 4
189 12 0
140 55 1
372 89 0
378 18 4
316 174 7
89 410 0
351 250 2
340 420 5
123 84 5
89 141 4
71 151 2
356 246 3
347 367 3
351 0 5
263 278 3
38 87 0
425 436 2
30 174 5
26 43 4
6 309 2
372 357 3
268 357 2
470 71 5
46 427 6
284 204 2
348 328 3
189 90 4
268 391 4
455 309 2
17 351 4
27 8 2
6 101 3
84 26 5
158 356 4
154 232 2
372 82 5
183 51 6
382 151 1
177 32 4
286 294 1
304 207 3
285 318 6
299 402 1
451 229 0
229 344 5
153 399 3
129 199 2
378 413 1
384 95 0
328 285 6
55 140 2
109 300 0
268 98 2
177 372 6
26 384 5
193 299 7
384 333 6
399 16 7
73 102 3
115 382 7
268 304 1
372 321 7
154 415 7
372 446 4
168 185 0
417 174 3
263 427 5
128 156 3
89 100 3
1 223 6
7 95 5
177 180 7
283 372 2
348 340 1
100 82 7
55 156 0
263 314 5
455 457 4
189 172 4
457 229 7
163 174 4
344 457 2
186 422 1
268 100 7
155 212 0
197 26 0
284 291 2
177 61 1
52 328 0
268 250 3
56 309 5
229 26 3
123 344 3
268 270 0
50 366 0
197 455 5
223 341 3
167 443 0
121 258 7
263 205 4
39 254 4
223 171 1
197 240 6
263 188 6
128 41 6
43 123 2
123 277 5
140 128 3
172 411 1
407 121 5
199 65 5
55 18 2
466 410 7
269 20 5
155 351 0
177 311 6
168 308 0
52 457 2
466 346 6
229 65 7
466 49 5
172 57 3
26 348 6
62 74 2
299 3 6
163 92 3
153 138 4
198 341 1
55 137 3
76 233 1
221 398 6
55 295 1
301 87 2
85 183 3
263 33 3
95 35 0
177 327 7
353 230 6
198 171 5
20 407 6
89 262 2
268 296 4
283 414 0
183 45 6
325 204 5
198 191 4
213 229 0
213 406 7
451 406 6
89 351 3
177 446 6
189 359 1
172 291 4
351 341 3
128 130 1
316 399 1
351 393 2
154 205 2
356 55 1
123 420 2
263 32 4
284 73 6
384 65 6
268 315 0
16 399 5
461 177 4
308 169 3
213 455 5
101 129 3
318 6 4
56 229 1
177 458 3
177 410 3
172 334 6
62 16 2
105 315 4
155 311 7
429 219 0
81 39 2
351 276 3
155 19 4
301 263 6
12 273 0
443 413 0
223 336 4
230 220 6
193 12 0
263 274 3
163 16 6
113 14 5
223 311 6
304 416 5
466 33 6
177 88 3
100 86 5
277 455 2
348 35 1
161 303 2
100 191 2
113 115 4
263 184 2
340 159 5
128 281 4
100 110 6
466 220 1
177 182 1
43 6 7
198 19 6
457 52 4
92 279 3
297 390 2
310 388 6
183 82 3
333 7 7
180 239 5
318 229 0
263 217 7
263 136 5
143 111 4
416 459 7
316 34 6
91 124 0
279 208 0
155 15 3
207 239 3
425 447 2
417 121 7
351 278 5
144 170 1
128 435 6
464 8 5
154 261 3
183 4 6
455 406 0
183 235 0
210 207 2
158 425 4
151 138 0
304 183 1
219 22 7
161 374 6
246 327 1
155 85 2
100 11 7
213 129 7
466 65 3
177 33 2
399 258 3
350 221 1
10 339 4
438 264 5
220 321 3
203 196 5
419 79 5
406 309 1
115 22 6
316 143 7
400 211 3
177 53 7
62 174 5
180 88 2
128 371 4
193 211 2
177 179 5
351 469 1
143 153 3
436 157 5
223 85 2
254 109 0
160 172 5
100 391 3
381 8 1
58 399 1
420 197 7
466 136 7
378 351 1
325 133 5
76 321 3
263 371 3
35 213 3
436 58 5
12 218 6
55 296 0
154 198 6
207 241 1
207 355 4
17 462 7
384 129 4
364 230 1
356 377 1
304 372 6
340 328 5
177 31 0
466 26 3
76 220 1
20 62 3
93 293 4
140 87 6
191 372 3
16 22 0
263 226 2
58 153 3
328 159 4
420 285 5
406 6 1
263 80 6
199 451 0
345 387 3
219 151 7
429 382 7
268 454 0
351 70 2
310 356 6
229 451 4
230 398 0
111 121 3
344 26 4
229 159 4
199 52 1
154 262 1
325 189 2
111 120 1
292 218 5
268 262 1
172 159 5
138 14 7
288 453 4
466 141 3
264 306 5
291 328 3
155 241 0
59 64 1
154 194 5
223 11 4
351 49 5
172 333 3
220 230 6
106 291 3
356 223 1
372 122 3
55 132 2
50 353 4
420 318 0
223 352 3
466 6 6
283 212 2
370 157 1
457 344 7
151 74 1
288 112 4
372 257 4
263 214 5
350 453 3
115 338 3
263 25 1
263 356 1
466 171 4
459 275 7
89 88 3
456 253 2
284 359 6
459 355 4
323 332 5
84 307 2
369 263 0
16 120 0
268 49 0
178 106 5
372 210 5
38 263 2
268 283 3
268 154 1
419 319 0
299 92 2
183 262 3
75 218 5
178 471 1
35 455 2
89 182 3
123 318 4
284 312 5
128 55 1
318 199 7
177 70 6
268 186 7
351 110 5
183 263 2
55 327 3
378 121 3
89 19 4
177 13 0
183 239 2
333 199 2
161 382 3
207 296 5
291 398 2
459 223 6
420 406 5
74 75 4
172 101 1
299 102 2
459 140 0
183 361 6
284 438 1
417 14 3
123 348 3
285 123 5
268 355 7
400 403 4
351 421 4
85 466 1
155 122 3
113 22 7
67 445 3
142 92 4
59 131 1
466 341 5
39 185 6
47 219 7
155 87 1
56 318 7
58 240 0
26 333 2
382 111 3
372 8 4
207 41 7
207 421 0
155 460 4
120 407 5
35 384 0
328 457 7
364 139 2
382 219 2
417 290 4
1 345 7
56 84 0
128 184 3
7 285 7
121 407 7
223 405 1
207 270 1
55 428 2
177 110 3
100 352 3
372 263 6
229 457 3
263 415 7
155 128 7
123 43 2
151 272 7
58 16 1
55 186 6
451 52 0
382 121 4
466 197 6
55 397 0
372 188 6
106 230 2
223 322 3
407 380 6
198 469 4
177 98 7
26 213 0
407 382 4
213 328 0
40 263 1
429 316 6
22 115 0
120 417 0
154 448 2
367 142 6
7 384 5
149 34 3
146 351 6
154 460 4
420 455 5
223 432 4
207 198 4
417 382 5
207 37 6
177 245 1
207 45 7
155 33 1
178 299 7
143 138 2
198 446 6
263 110 4
395 315 6
292 392 5
100 462 5
284 90 0
284 202 1
263 99 1
319 326 2
345 1 3
263 239 5
7 56 3
84 344 0
177 15 7
35 318 3
155 444 4
142 18 0
268 212 2
213 340 3
263 361 1
419 99 2
100 278 1
121 143 6
163 102 4
252 11 1
55 410 6
89 449 2
177 154 0
240 213 2
457 328 3
47 417 2
277 333 3
221 218 6
163 90 1
268 232 2
288 221 3
292 294 6
115 143 6
128 13 7
193 236 3
111 153 7
340 213 1
223 314 1
328 6 7
268 13 5
223 194 4
236 68 4
161 34 4
177 343 1
71 115 4
43 199 1
58 303 4
219 74 4
285 406 5
400 402 6
95 457 4
100 322 2
365 177 0
177 472 5
121 113 5
425 303 4
258 20 2
101 307 5
372 0 7
99 419 0
372 177 1
400 236 7
263 148 0
245 87 3
123 26 2
400 12 1
115 111 1
128 86 4
420 348 5
351 449 4
100 432 5
183 217 1
63 321 2
263 53 7
291 455 6
283 156 6
351 435 2
213 7 6
121 316 6
252 177 6
285 56 3
351 17 5
180 141 4
163 470 7
285 240 4
198 114 1
155 86 7
65 309 0
340 7 2
223 37 5
163 143 1
328 199 5
183 214 2
13 55 5
466 95 6
223 257 4
240 7 7
379 163 5
177 17 4
333 95 5
470 62 2
115 407 2
466 122 0
455 101 3
378 242 5
180 317 2
142 120 2
177 448 6
159 333 1
466 100 3
154 401 4
325 236 5
372 304 6
55 179 4
62 14 2
202 225 4
466 205 6
14 407 2
163 379 0
55 246 6
263 462 5
55 401 2
52 229 3
340 56 1
155 256 0
95 285 2
174 219 5
128 351 0
123 7 5
113 290 7
221 286 6
97 321 3
360 8 4
115 219 6
263 319 1
466 420 2
395 345 6
223 25 3
213 6 4
163 400 5
105 177 3
268 281 6
177 437 1
186 156 0
129 35 4
198 311 2
466 389 2
452 424 4
351 173 1
177 356 7
172 348 4
115 71 5
55 275 4
155 40 5
40 223 5
160 8 4
321 346 4
35 6 7
30 346 1
344 307 0
291 406 2
40 414 2
20 120 6
284 163 0
416 422 6
140 268 2
267 225 3
326 228 6
154 51 5
177 222 3
341 268 5
283 256 5
177 416 1
100 25 6
172 284 1
407 34 4
155 186 2
128 100 1
163 282 0
155 31 4
372 346 0
316 470 5
168 321 2
54 413 0
419 356 7
466 469 7
291 277 7
443 177 5
263 421 4
100 156 2
453 413 6
85 372 2
263 40 1
177 322 6
425 240 3
111 358 3
177 100 6
74 153 6
207 466 1
200 321 5
183 412 6
297 34 2
399 407 2
55 223 1
172 353 1
425 43 4
268 372 5
154 136 7
219 138 2
33 283 7
177 365 2
52 35 5
406 197 0
263 363 2
291 303 0
417 138 5
455 277 5
400 463 5
172 69 0
101 26 1
283 440 1
26 159 2
351 444 1
351 194 7
461 207 0
283 37 0
384 56 4
263 233 5
84 129 5
283 198 2
138 399 6
268 397 3
263 461 2
155 421 4
254 445 3
151 75 3
372 187 1
198 422 1
283 33 3
128 410 6
89 256 7
168 109 2
56 159 3
213 123 1
58 353 0
74 20 4
269 22 2
84 6 1
20 121 1
55 444 0
151 470 0
221 392 2
307 277 0
35 197 1
420 307 1
263 180 3
128 206 0
89 114 4
55 345 5
174 16 1
372 198 6
351 210 1
378 225 6
163 332 4
55 89 7
6 451 1
128 275 6
365 228 6
334 172 6
246 1 2
455 420 3
128 385 5
40 128 4
14 120 3
263 414 4
151 20 6
172 313 6
144 174 7
154 83 1
101 406 2
466 27 5
47 113 2
459 416 6
255 353 6
177 243 7
138 120 1
100 371 7
148 177 0
177 40 3
309 197 2
84 277 2
351 214 1
140 177 3
203 172 3
43 65 2
268 184 6
154 253 5
180 49 3
407 153 0
177 432 2
115 138 5
459 460 6
455 95 0
268 177 7
177 336 1
55 98 2
129 213 2
284 176 6
263 257 3
13 155 1
459 17 4
425 333 0
153 174 2
457 420 4
35 95 3
186 278 0
6 213 4
451 277 7
332 142 3
229 277 6
263 4 0
106 63 3
128 198 2
269 151 0
299 172 3
268 25 3
263 259 2
75 74 2
153 269 5
333 344 2
47 407 2
349 236 5
186 462 0
62 219 0
204 325 3
100 17 1
263 472 7
6 307 7
55 314 1
172 92 3
382 143 7
229 340 2
177 395 0
436 34 4
71 74 7
111 174 2
268 405 7
155 422 3
425 413 3
55 387 5
65 277 5
309 240 1
189 211 6
210 100 4
384 123 5
95 229 7
291 160 0
384 26 5
284 175 4
213 84 0
199 309 3
359 236 0
128 462 1
128 191 0
198 253 4
151 120 1
120 316 2
55 194 7
180 171 2
466 7 7
100 19 4
284 334 0
180 72 6
457 277 3
183 122 1
420 344 5
142 402 0
89 397 6
213 43 5
55 434 7
466 37 2
202 163 4
65 52 7
459 311 7
451 129 0
470 74 4
340 307 2
267 326 7
450 367 1
427 46 2
115 153 3
223 122 2
154 266 4
121 115 0
263 422 6
33 183 5
263 419 7
56 213 3
67 308 1
172 193 1
177 425 1
56 52 2
332 12 0
349 160 6
425 58 7
223 361 6
263 206 7
207 100 4
263 317 2
273 236 6
12 133 0
160 282 1
368 109 3
111 74 0
153 290 2
207 156 3
51 177 5
264 438 0
263 385 0
180 173 5
307 213 3
20 74 3
58 14 7
151 16 1
183 274 5
309 56 6
14 382 2
372 408 1
175 231 3
177 363 0
151 417 1
240 229 7
457 65 2
455 307 6
100 122 0
6 406 5
198 432 4
344 35 2
299 379 7
263 232 3
55 36 1
60 453 6
207 98 1
288 218 1
177 443 6
425 34 1
6 229 3
177 85 1
318 340 3
174 429 3
100 357 2
263 341 3
183 428 3
198 177 5
384 7 6
191 198 1
154 184 2
183 188 4
284 160 0
33 154 2
372 437 0
372 389 7
258 138 4
459 387 3
348 197 1
163 189 4
277 84 7
372 140 7
52 384 2
345 377 0
419 459 5
163 349 4
318 35 0
198 317 3
268 103 6
16 71 4
154 17 1
155 405 3
199 101 7
372 247 2
26 420 5
142 332 5
113 399 3
183 357 6
128 25 7
223 263 6
406 26 3
84 7 2
412 246 0
210 459 1
163 216 6
65 101 1
43 348 3
344 340 2
101 197 3
372 128 4
285 457 4
10 215 0
207 42 0
328 129 4
268 156 6
283 191 1
56 333 1
55 232 2
323 359 1
52 56 5
177 319 0
189 398 4
284 379 6
268 137 4
102 236 7
6 348 6
464 293 3
100 83 5
263 280 6
466 35 3
356 327 2
263 181 2
16 14 5
223 32 1
207 187 0
155 404 5
12 264 7
198 283 0
177 19 6
135 425 7
425 199 7
351 416 1
56 6 0
189 332 3
16 115 1
299 349 7
6 7 5
299 196 5
210 87 0
207 182 6
191 183 5
309 307 5
229 43 3
20 382 5
412 377 0
151 121 0
158 183 1
351 205 5
128 391 4
178 189 7
172 129 4
223 278 4
113 321 2
307 229 5
384 240 1
309 7 0
163 228 0
198 401 2
255 54 3
55 262 6
344 318 6
340 95 4
38 228 1
283 428 7
351 256 2
159 52 3
172 325 7
154 85 4
351 29 6
43 129 6
207 104 2
43 309 6
177 383 7
213 348 5
263 440 2
24 120 5
89 110 5
102 332 1
172 204 5
403 121 3
64 131 2
128 352 7
348 6 1
416 263 0
183 137 7
263 281 0
457 101 6
268 446 7
341 154 5
183 295 0
20 22 3
252 432 1
263 173 1
247 154 4
140 154 6
310 1 6
449 414 2
457 333 3
138 115 1
268 82 1
160 249 4
6 457 3
310 319 6
284 9 7
33 89 5
168 34 5
140 89 0
142 438 7
35 240 1
348 344 5
304 223 3
40 466 3
223 317 3
451 344 0
420 84 0
301 223 6
52 159 6
307 328 7
74 174 6
223 315 7
351 311 4
284 102 7
89 408 3
332 438 2
202 172 3
12 189 3
177 46 1
56 65 2
406 56 6
143 22 2
55 247 0
400 69 1
101 35 7
365 419 5
268 179 5
100 37 7
55 177 3
113 233 4
7 229 1
178 161 2
207 454 7
186 154 5
155 397 6
407 470 6
459 104 0
95 43 6
111 399 4
158 259 5
151 407 6
207 212 0
344 197 2
299 284 5
180 228 7
263 389 6
416 183 4
351 89 1
223 404 6
316 111 4
213 333 2
284 106 1
47 74 6
457 35 7
304 154 2
372 201 5
154 469 5
55 372 1
138 20 6
396 177 1
263 158 6
101 451 1
345 225 0
35 229 4
330 228 3
451 101 1
422 87 5
461 87 6
155 278 0
412 1 2
429 62 3
268 440 3
429 470 2
143 407 3
207 397 2
198 278 1
89 45 3
159 318 2
55 15 6
208 225 7
183 311 7
348 123 2
113 76 4
7 277 4
372 270 6
183 336 1
301 48 4
254 169 2
113 120 6
33 466 2
284 3 5
71 120 4
177 96 6
14 258 4
177 442 7
459 304 5
46 373 4
353 121 4
466 230 3
332 236 5
340 43 3
198 414 4
101 229 7
40 55 5
207 432 2
284 190 1
55 405 1
183 404 3
183 252 4
288 233 0
220 398 3
419 412 1
367 450 7
30 321 7
183 247 2
95 84 0
177 181 0
429 407 5
299 202 4
24 423 7
71 382 6
263 458 0
407 290 7
420 340 6
84 35 3
177 295 3
153 22 2
351 25 7
400 376 2
453 364 1
367 189 2
372 311 5
154 372 1
268 136 0
198 351 6
172 142 1
128 165 3
283 317 2
197 129 1
100 40 7
115 174 7
69 400 2
207 210 6
100 114 3
81 254 5
153 111 7
351 217 4
341 466 6
153 16 6
207 110 3
292 233 6
263 70 1
115 269 6
169 254 6
429 417 0
197 123 0
351 15 2
177 260 3
106 174 5
268 274 2
183 158 1
47 138 0
55 454 1
177 228 0
106 374 1
26 307 5
345 99 1
183 114 0
268 301 2
24 121 0
125 177 7
285 43 7
154 31 3
268 206 3
373 46 7
183 207 4
129 340 6
247 155 1
332 231 6
127 18 1
333 328 5
15 315 5
163 20 6
123 309 7
12 236 1
177 276 0
316 138 2
318 197 7
177 274 0
163 172 6
459 155 1
307 84 7
400 172 2
26 7 1
340 457 2
327 310 7
299 438 6
283 301 2
451 159 3
277 123 0
154 128 4
160 303 6
142 3 6
198 186 6
183 401 6
207 33 7
128 210 6
207 268 0
128 280 0
172 450 5
140 100 0
420 95 5
246 458 6
263 405 3
163 196 6
129 328 1
15 351 3
129 159 7
288 350 2
359 271 4
466 318 6
183 32 0
55 388 7
246 263 1
58 417 5
85 55 0
399 174 4
128 257 1
26 455 1
466 333 7
412 327 0
412 315 3
153 75 3
223 469 1
172 349 2
71 62 2
62 316 5
81 109 6
284 172 6
177 251 7
283 136 2
240 129 4
163 471 0
101 348 7
185 120 0
172 163 2
52 65 3
412 295 7
183 270 2
55 53 5
191 414 7
199 318 2
177 25 6
443 425 0
183 387 3
100 253 3
178 172 7
198 410 3
191 283 5
158 345 1
76 8 7
229 123 5
223 49 0
351 317 0
277 307 2
220 174 4
291 346 5
58 75 4
307 344 4
48 177 7
138 382 3
307 56 2
466 86 4
455 65 1
407 20 6
177 21 6
466 191 5
263 454 6
177 304 7
71 121 3
138 62 5
351 268 5
198 428 2
183 280 7
172 299 7
64 237 7
223 387 7
466 232 3
319 315 0
163 71 5
279 177 3
359 306 7
263 247 7
6 199 3
345 158 0
318 56 5
345 163 5
101 333 0
466 17 6
198 357 4
120 429 5
89 186 4
177 1 4
100 361 1
263 11 7
457 199 1
340 451 0
191 177 6
30 390 3
59 237 4
268 70 0
283 171 1
350 218 1
160 299 2
400 264 2
345 183 6
198 322 1
155 173 6
177 51 3
425 129 7
198 263 3
186 416 5
223 301 2
263 225 3
153 258 6
309 318 7
459 274 5
198 33 3
128 110 4
323 189 1
101 309 5
292 453 5
26 123 0
466 409 3
230 346 4
223 36 7
35 285 0
128 212 6
223 1 3
159 451 4
89 276 2
74 151 3
160 471 5
455 340 1
178 335 6
459 100 5
299 152 3
406 420 6
84 406 7
100 49 3
47 174 7
255 225 5
466 19 7
100 165 1
284 227 2
340 406 2
100 184 2
372 104 4
438 306 2
318 129 5
420 129 1
92 400 2
309 285 1
382 115 1
177 105 7
455 285 2
470 120 2
115 220 0
407 417 7
168 413 1
193 400 4
349 172 3
183 389 7
351 401 2
40 87 1
17 223 7
285 129 1
400 106 1
299 376 2
264 236 4
328 406 4
14 151 7
304 263 6
65 333 2
223 179 6
193 332 0
177 270 1
138 74 4
183 25 7
1 263 4
76 398 4
177 103 5
20 413 5
344 333 1
252 156 2
121 62 3
455 318 6
356 459 4
258 121 7
461 414 4
316 219 2
142 196 0
299 450 4
319 327 6
89 25 4
365 55 5
246 469 1
172 306 5
252 87 4
345 353 0
373 177 1
466 414 4
457 159 5
159 43 4
213 344 2
177 79 1
100 33 3
344 285 5
285 65 0
284 77 7
263 437 4
301 459 4
407 62 3
304 268 5
35 344 6
316 153 0
102 255 2
457 56 2
20 138 2
128 461 5
154 42 5
268 19 0
177 198 5
115 399 5
128 268 0
143 258 6
339 413 3
416 32 2
268 85 1
47 22 4
198 83 2
223 184 2
120 470 4
172 342 0
89 304 7
26 84 3
172 451 3
291 123 2
144 120 3
291 26 2
301 351 1
198 201 6
340 384 4
191 87 2
348 333 1
95 318 1
400 152 1
197 406 2
159 457 5
240 455 3
466 439 4
154 421 2
407 22 2
172 203 0
128 137 1
407 111 0
223 141 3
459 352 2
425 159 7
151 115 2
172 152 0
309 277 4
65 240 5
89 42 2
7 451 2
47 429 6
95 328 3
263 448 6
56 455 1
263 441 6
325 284 3
7 159 3
113 382 4
364 346 2
199 455 1
95 199 6
449 432 6
123 455 5
223 261 3
443 200 1
128 179 4
348 309 7
284 376 6
159 84 1
429 20 7
291 451 4
74 34 2
95 307 3
183 408 5
229 240 0
219 174 3
372 156 4
451 240 4
140 155 3
128 37 2
254 67 0
89 104 1
436 120 5
163 417 5
351 41 3
100 317 2
406 199 4
55 206 3
284 431 4
459 15 2
466 165 2
425 285 2
198 13 2
351 72 1
15 155 2
199 457 4
420 101 3
223 412 6
95 384 0
183 414 3
284 282 3
384 420 7
154 98 1
129 455 6
420 43 3
351 415 3
22 174 4
284 203 7
466 262 5
283 177 3
52 199 6
183 103 4
100 466 7
177 107 0
372 233 7
466 398 7
419 327 1
155 104 3
268 361 3
35 451 2
332 471 4
178 203 1
153 71 2
143 399 4
120 153 3
155 432 1
198 206 2
16 20 2
269 111 3
197 229 5
399 75 7
100 141 3
277 406 0
163 111 3
183 13 7
210 55 6
345 223 1
207 247 4
177 281 1
198 85 0
435 304 6
52 7 7
288 392 4
470 399 0
89 469 1
437 207 1
101 328 4
63 168 3
332 347 7
284 306 2
155 55 7
52 123 7
172 231 2
372 276 3
276 87 2
100 444 6
128 437 5
198 212 6
22 74 2
461 372 0
223 389 7
135 200 5
268 252 1
406 285 5
128 404 0
191 268 4
55 217 2
466 101 1
399 151 0
351 361 1
158 55 5
279 215 3
229 84 0
372 468 7
191 55 3
420 384 4
429 115 3
254 185 7
425 200 7
309 65 5
128 72 3
14 16 6
207 428 0
183 110 4
155 274 2
123 101 2
455 26 5
406 333 3
447 157 2
62 138 0
223 128 2
26 65 3
466 372 6
198 214 5
406 318 4
197 457 0
168 63 5
372 360 6
207 435 3
285 197 4
172 119 4
199 348 2
128 408 2
425 277 0
20 153 5
380 407 5
351 88 4
466 301 5
101 43 6
198 137 0
197 277 4
333 457 4
180 136 2
55 87 6
348 420 4
333 26 2
123 197 7
263 248 0
65 420 0
453 294 0
351 130 1
177 317 7
100 85 1
453 218 0
159 6 3
172 438 2
412 263 7
198 154 3
459 32 2
177 99 7
55 51 7
466 268 5
351 141 7
47 382 0
326 315 5
85 283 6
307 384 6
284 195 1
183 165 2
382 316 4
252 301 3
142 202 1
229 348 0
64 59 3
219 399 1
372 205 7
154 454 5
106 225 6
99 158 4
245 263 2
400 92 1
26 344 2
55 72 3
14 269 7
155 352 1
3 163 2
185 168 3
100 31 2
207 36 7
268 263 4
372 191 4
7 35 3
372 184 3
252 385 6
247 128 3
155 25 3
351 104 4
151 157 4
223 274 0
100 256 3
14 174 2
56 285 0
197 95 2
16 153 6
299 271 7
172 347 7
71 316 7
198 31 7
183 461 3
263 223 2
13 177 7
347 172 2
399 74 4
1 412 7
155 371 4
223 87 7
345 356 3
75 353 1
455 129 0
273 157 4
223 410 2
425 443 3
351 261 4
407 16 2
197 307 4
95 455 1
447 303 3
26 56 3
318 84 5
466 83 4
466 114 3
142 211 5
128 422 4
120 34 7
159 344 1
269 71 1
95 52 0
461 416 1
466 199 2
425 123 0
455 199 2
285 277 0
263 82 6
75 374 0
163 219 0
283 49 1
351 355 4
155 462 5
240 6 5
372 83 0
183 432 1
219 470 5
163 450 0
198 122 7
160 66 6
55 70 7
372 45 5
6 65 4
128 94 1
453 353 1
17 341 5
283 432 1
425 455 0
310 177 4
177 331 4
351 146 2
207 40 3
177 456 1
177 226 5
461 198 2
263 408 3
58 74 3
120 14 3
17 263 5
470 316 7
174 143 7
267 413 2
368 445 5
143 74 1
351 40 6
268 469 1
207 405 0
263 235 3
55 182 5
263 146 7
154 140 4
291 284 0
332 193 4
263 83 3
138 16 0
55 462 6
351 280 4
62 399 7
154 389 4
372 206 4
351 253 0
154 88 4
153 219 3
168 169 7
466 84 3
163 115 3
55 86 5
344 123 1
457 197 3
47 62 4
198 405 5
174 74 0
95 406 2
351 206 1
14 153 5
128 261 6
111 258 4
198 449 7
333 307 1
177 422 7
120 111 3
154 82 0
419 243 1
263 295 6
236 471 4
382 407 3
62 153 4
459 361 4
307 309 2
189 325 7
350 233 6
180 419 0
12 463 4
372 31 1
71 138 4
372 467 4
292 157 1
100 29 0
113 111 2
223 356 6
120 62 3
406 229 6
351 372 0
318 123 6
400 189 6
437 180 5
95 101 3
159 340 2
344 6 6
121 215 3
344 229 0
372 296 5
189 313 0
382 429 2
223 262 0
368 308 5
89 140 5
100 414 6
58 230 1
263 372 6
100 446 0
455 6 7
255 236 3
105 124 0
101 65 3
109 168 4
85 263 6
425 321 2
466 51 3
183 100 2
268 247 1
177 149 6
183 352 6
200 346 1
284 119 0
47 358 5
417 115 2
254 368 5
213 65 0
252 351 4
85 351 2
65 6 5
55 154 5
207 4 5
364 174 0
333 6 6
186 315 1
160 9 7
268 32 5
177 278 4
199 7 7
425 167 2
155 372 3
61 353 7
466 128 0
323 216 2
177 140 2
457 6 1
384 84 0
449 416 6
243 263 1
100 179 2
291 106 7
48 377 3
451 285 6
332 264 2
351 198 5
351 114 5
198 296 2
284 211 2
89 266 0
451 26 1
263 165 5
309 344 0
372 214 6
466 156 0
154 49 3
372 351 7
183 356 6
345 132 6
263 416 5
466 137 6
186 351 1
246 356 5
344 84 6
325 282 2
466 31 2
1 177 7
100 263 5
155 137 3
213 309 1
400 450 2
381 471 1
213 159 0
223 86 6
451 333 6
344 384 2
419 263 5
53 181 0
155 361 7
56 26 7
223 191 0
229 309 1
207 194 7
372 220 4
180 391 2
55 351 5
163 14 7
143 120 1
154 32 7
318 52 2
84 56 4
226 228 4
223 232 3
459 314 5
56 240 1
154 296 4
263 17 0
174 470 7
372 194 6
243 18 5
400 349 2
14 115 4
128 262 3
341 155 4
466 40 3
307 285 1
159 213 5
100 201 2
26 129 1
163 62 5
429 120 0
129 95 5
89 385 0
203 106 3
47 115 7
268 89 5
101 84 5
449 372 6
198 42 1
283 278 3
197 340 1
356 419 1
128 33 7
115 20 3
123 340 6
89 422 2
128 414 3
100 104 3
269 258 4
416 223 7
213 101 4
356 263 2
372 85 3
348 451 2
332 68 2
466 253 3
128 256 5
251 353 4
186 355 1
163 12 5
207 19 7
345 315 7
457 123 5
101 95 0
113 121 1
399 120 4
284 142 6
283 322 3
283 421 5
65 340 7
263 1 6
299 12 5
128 182 1
466 351 2
177 91 3
180 154 1
268 165 4
345 295 7
451 197 5
263 177 6
115 62 4
140 416 7
263 391 4
381 321 6
172 90 4
128 355 4
240 56 4
158 387 7
185 39 2
269 399 3
163 121 5
263 266 1
255 142 3
174 121 1
364 321 5
